transition_tour & input_sequence & output_sequence
0, 70, 1, 21, 100, 113, 116, 78, 17, 25, 112, 123, 22, 55, 73, 56, 100, 87, 104, 8, 4, 80, 69, 22, 53, 91, 59, 49, 66, 102, 77, 52, 117, 63, 10, 76, 97, 50, 117, 58, 24, 123, 98, 113, 6, 122, 26, 84, 34, 21, 84, 13, 110, 109, 26, 113, 6, 95, 13, 118, 64, 106, 39, 88, 27, 3, 7, 40, 93, 54, 11, 68, 121, 42, 112, 10, 97, 107, 47, 115, 16, 14, 20, 83, 41, 23, 92, 51, 126, 73, 18, 0, 91, 35, 13, 118, 15, 11, 68, 49, 120, 44, 82, 93, 108, 108, 15, 82, 1, 37, 45, 43, 89, 13, 118, 64, 106, 39, 88, 27, 3, 7, 6, 95, 14, 20, 83, 41, 23, 92, 51, 126, 73, 18, 19, 66, 85, 124, 21, 84, 34, 122, 24, 43, 74, 102, 94, 79, 119, 67, 45, 105, 86, 125, 12, 81, 91, 35, 60, 26, 113, 116, 50, 101, 99, 103, 117, 58, 69, 22, 55, 46, 72, 78, 17, 28, 75, 31, 30, 127, 2, 114, 8, 49, 120, 62, 24, 43, 74, 102, 94, 79, 119, 67, 45, 105, 86, 125, 12, 81, 91, 35, 60, 19, 66, 85, 124, 21, 84, 13, 118, 64, 106, 39, 88, 27, 3, 7, 6, 95, 14, 20, 83, 41, 23, 92, 51, 126, 73, 56, 100, 87, 104, 8, 4, 80, 69, 22, 53, 109, 122, 26, 113, 116, 50, 101, 99, 103, 117, 63, 47, 98, 40, 93, 54, 11, 68, 121, 55, 46, 72, 78, 17, 28, 75, 31, 30, 127, 2, 31, 30, 69, 32, 29, 96, 21, 84, 13, 118, 64, 106, 39, 88, 27, 3, 33, 119, 66, 85, 30, 127, 2, 31, 111, 3, 7, 40, 33, 57, 91, 35, 60, 19, 66, 85, 124, 21, 84, 13, 118, 64, 106, 39, 88, 27, 3, 7, 6, 95, 14, 20, 83, 41, 23, 92, 51, 126, 73, 18, 0, 70, 1, 37, 45, 105, 86, 125, 12, 81, 26, 113, 116, 50, 101, 99, 103, 117, 58, 69, 22, 53, 109, 122, 24, 43, 74, 102, 94, 79, 119, 67, 76, 9, 47, 98, 40, 93, 54, 11, 68, 121, 55, 46, 72, 78, 17, 28, 75, 31, 30, 127, 2, 114, 8, 4, 115, 16, 102, 94, 45, 105, 103, 39, 24, 43, 74, 102, 94, 79, 119, 67, 45, 105, 86, 125, 12, 81, 91, 35, 60, 19, 66, 85, 124, 21, 84, 13, 118, 64, 106, 39, 88, 27, 3, 7, 6, 95, 14, 20, 83, 41, 23, 92, 51, 126, 73, 56, 100, 87, 104, 8, 49, 120, 62, 24, 123, 98, 40, 93, 54, 11, 68, 121, 42, 112, 10, 97, 107, 90, 50, 101, 99, 103, 117, 58, 69, 22, 53, 109, 122, 26, 113, 116, 78, 17, 28, 5, 115, 115, 16, 14, 20, 83, 41, 23, 92, 51, 126, 73, 18, 19, 66, 85, 124, 21, 84, 13, 118, 64, 106, 39, 88, 27, 3, 7, 6, 122, 24, 43, 74, 102, 94, 79, 119, 67, 45, 105, 86, 125, 12, 81, 91, 35, 60, 26, 113, 116, 50, 101, 99, 103, 117, 58, 69, 22, 55, 46, 72, 78, 17, 28, 5, 57, 37, 39, 88, 39, 88, 27, 3, 7, 6, 95, 14, 4, 115, 16, 14, 20, 83, 41, 23, 92, 51, 126, 73, 18, 19, 66, 85, 124, 21, 84, 13, 118, 64, 106, 39, 88, 27, 3, 7, 6, 95, 13, 118, 64, 106, 39, 88, 27, 3, 7, 40, 93, 54, 11, 68, 121, 42, 112, 10, 97, 107, 47, 98, 113, 116, 50, 101, 99, 103, 117, 58, 69, 32, 41, 23, 14, 20, 83, 65, 122, 24, 43, 74, 102, 94, 79, 119, 67, 45, 105, 86, 125, 12, 81, 91, 35, 60, 19, 66, 85, 30, 127, 76, 9, 47, 115, 16, 14, 20, 83, 41, 23, 92, 51, 126, 73, 18, 19, 66, 85, 124, 21, 84, 13, 118, 64, 106, 39, 88, 27, 3, 7, 6, 122, 24, 43, 74, 102, 94, 79, 119, 67, 45, 105, 86, 125, 12, 81, 91, 35, 60, 26, 113, 116, 50, 101, 99, 103, 117, 58, 69, 22, 55, 46, 72, 78, 48, 47, 98, 40, 93, 54, 11, 68, 121, 42, 112, 10, 76, 9, 84, 13, 118, 64, 106, 39, 88, 27, 3, 7, 6, 95, 14, 20, 83, 41, 23, 92, 51, 126, 73, 18, 19, 66, 85, 124, 21, 100, 87, 104, 8, 49, 120, 62, 24, 43, 74, 102, 94, 79, 119, 67, 45, 105, 86, 125, 12, 81, 91, 35, 60, 26, 113, 116, 50, 101, 99, 103, 117, 58, 69, 22, 55, 46, 72, 78, 48, 47, 98, 40, 93, 54, 11, 68, 121, 42, 112, 10, 97, 107, 90, 124, 109, 122, 24, 43, 74, 102, 94, 79, 119, 67, 45, 105, 86, 125, 12, 81, 91, 35, 60, 19, 66, 85, 124, 21, 84, 13, 118, 64, 106, 39, 88, 27, 3, 7, 6, 95, 14, 20, 83, 41, 23, 92, 51, 126, 73, 56, 100, 87, 104, 8, 49, 120, 44, 82, 93, 54, 11, 3, 7, 6, 95, 13, 118, 64, 106, 39, 88, 27, 98, 40, 93, 54, 11, 68, 121, 42, 112, 10, 97, 107, 47, 115, 16, 14, 20, 83, 41, 23, 92, 51, 126, 73, 18, 19, 66, 85, 124, 21, 84, 34, 122, 24, 43, 74, 102, 94, 79, 119, 67, 45, 105, 86, 125, 12, 44, 23, 92, 125, 103, 117, 58, 69, 32, 41, 23, 14, 20, 83, 65, 68, 121, 42, 11, 3, 7, 6, 95, 13, 118, 64, 106, 39, 88, 27, 98, 40, 93, 108, 15, 82, 1, 37, 45, 105, 86, 125, 12, 81, 26, 113, 6, 95, 13, 118, 64, 106, 39, 88, 27, 3, 7, 40, 93, 54, 11, 68, 121, 42, 112, 10, 97, 107, 47, 115, 16, 14, 20, 71, 92, 51, 36, 28, 75, 64, 106, 36, 91, 35, 60, 19, 66, 85, 124, 21, 84, 13, 118, 64, 106, 39, 88, 27, 3, 7, 6, 95, 14, 20, 83, 41, 23, 92, 51, 126, 73, 18, 0, 70, 1, 37, 45, 105, 86, 125, 12, 81, 26, 113, 116, 50, 101, 99, 103, 117, 58, 69, 22, 53, 109, 122, 24, 43, 74, 102, 94, 79, 119, 67, 76, 9, 47, 98, 40, 93, 54, 11, 68, 121, 55, 46, 72, 78, 17, 28, 5, 115, 16, 14, 20, 83, 41, 23, 92, 51, 126, 73, 18, 19, 66, 85, 124, 21, 84, 13, 118, 64, 106, 39, 88, 27, 3, 7, 6, 122, 24, 43, 74, 102, 94, 79, 119, 67, 45, 105, 86, 125, 12, 81, 91, 35, 60, 26, 113, 116, 50, 101, 99, 103, 117, 58, 69, 22, 55, 46, 72, 78, 17, 28, 5, 57, 37, 39, 88, 27, 3, 7, 6, 95, 13, 118, 64, 106, 36, 91, 35, 60, 19, 66, 85, 124, 21, 84, 34, 122, 24, 43, 74, 102, 94, 79, 119, 67, 45, 105, 86, 125, 12, 81, 26, 113, 116, 50, 101, 99, 103, 117, 58, 69, 32, 41, 23, 14, 20, 83, 65, 68, 121, 42, 112, 123, 22, 55, 46, 72, 78, 17, 28, 75, 31, 30, 127, 2, 114, 8, 4, 80, 18, 0, 91, 35, 60, 19, 66, 85, 124, 21, 84, 13, 118, 64, 106, 39, 88, 27, 3, 7, 6, 95, 14, 20, 83, 41, 23, 92, 51, 126, 73, 18, 19, 107, 47, 98, 40, 93, 54, 69, 32, 41, 23, 14, 20, 83, 65, 68, 121, 42, 11, 3, 7, 6, 95, 13, 118, 64, 106, 39, 88, 27, 98, 40, 93, 108, 15, 82, 1, 37, 45, 105, 86, 125, 12, 81, 91, 35, 60, 19, 66, 85, 124, 21, 84, 13, 118, 64, 106, 39, 88, 27, 3, 7, 6, 95, 14, 20, 83, 65, 122, 24, 43, 74, 102, 94, 79, 119, 67, 45, 105, 86, 125, 12, 81, 91, 35, 60, 19, 66, 85, 124, 21, 84, 13, 118, 64, 106, 39, 88, 27, 3, 7, 6, 95, 14, 20, 83, 41, 23, 14, 20, 83, 41, 23, 92, 51, 126, 73, 18, 19, 66, 85, 124, 21, 84, 13, 118, 64, 106, 39, 88, 27, 3, 7, 6, 122, 24, 43, 74, 102, 94, 79, 119, 67, 45, 105, 86, 125, 12, 81, 91, 35, 60, 26, 113, 116, 50, 101, 99, 103, 117, 58, 69, 22, 55, 46, 72, 78, 17, 25, 35, 60, 26, 113, 6, 95, 13, 118, 64, 106, 39, 88, 27, 98, 40, 93, 54, 11, 3, 7, 6, 95, 13, 118, 64, 106, 39, 88, 27, 3, 7, 6, 95, 13, 118, 64, 106, 39, 88, 27, 98, 40, 93, 54, 11, 68, 121, 42, 112, 10, 97, 107, 47, 115, 16, 14, 20, 83, 41, 23, 92, 51, 126, 73, 18, 19, 66, 85, 124, 21, 84, 34, 122, 24, 43, 74, 102, 94, 79, 119, 67, 45, 105, 86, 125, 12, 81, 91, 35, 60, 26, 113, 116, 50, 101, 99, 103, 117, 58, 69, 32, 29, 73, 18, 19, 66, 85, 124, 21, 84, 13, 118, 64, 106, 39, 88, 27, 3, 7, 6, 95, 14, 20, 83, 41, 23, 92, 51, 126, 73, 56, 91, 35, 60, 26, 113, 116, 50, 101, 99, 103, 117, 58, 69, 22, 53, 109, 122, 24, 43, 74, 102, 94, 79, 119, 67, 45, 105, 86, 125, 12, 44, 82, 93, 54, 11, 68, 121, 55, 46, 72, 78, 17, 28, 75, 31, 111, 35, 60, 19, 66, 85, 124, 21, 84, 13, 118, 64, 106, 39, 88, 27, 3, 7, 6, 95, 14, 20, 83, 41, 23, 92, 51, 126, 73, 18, 0, 91, 59, 16, 102, 94, 79, 119, 67, 45, 105, 86, 125, 12, 81, 26, 113, 116, 50, 101, 99, 103, 117, 58, 69, 32, 41, 17, 28, 5, 57, 37, 39, 88, 27, 3, 7, 6, 95, 13, 118, 64, 106, 36, 91, 35, 60, 19, 66, 85, 124, 21, 84, 34, 122, 24, 43, 74, 102, 94, 79, 119, 67, 45, 105, 86, 125, 12, 81, 91, 35, 60, 19, 66, 85, 124, 21, 84, 13, 118, 64, 106, 39, 88, 27, 3, 7, 6, 95, 14, 20, 83, 41, 23, 92, 51, 126, 73, 56, 100, 87, 104, 8, 49, 120, 44, 82, 93, 54, 11, 68, 121, 42, 112, 10, 97, 107, 47, 98, 113, 116, 50, 101, 99, 103, 117, 58, 69, 22, 55, 46, 72, 78, 17, 28, 75, 31, 30, 127, 2, 114, 38, 117, 58, 69, 32, 41, 23, 14, 20, 83, 65, 68, 121, 42, 11, 3, 7, 6, 95, 13, 118, 64, 106, 39, 88, 27, 98, 40, 93, 108, 15, 82, 1, 37, 45, 105, 86, 125, 12, 81, 91, 35, 60, 19, 66, 85, 124, 21, 84, 34, 122, 24, 43, 74, 102, 94, 79, 61, 75, 31, 30, 127, 2, 114, 38, 113, 6, 95, 13, 118, 64, 106, 39, 88, 27, 3, 7, 40, 93, 54, 11, 68, 121, 42, 112, 10, 97, 107, 47, 115, 16, 14, 20, 83, 41, 23, 14, 20, 83, 41, 17, 28, 5, 57, 37, 39, 88, 27, 3, 7, 6, 95, 13, 118, 64, 106, 36, 91, 35, 60, 19, 66, 85, 124, 21, 84, 34, 122, 24, 43, 74, 102, 94, 79, 119, 67, 45, 105, 86, 125, 12, 81, 26, 113, 116, 50, 101, 99, 103, 117, 58, 69, 32, 29, 73, 56, 100, 87, 104, 8, 49, 120, 44, 82, 93, 54, 11, 68, 121, 42, 112, 10, 97, 107, 47, 98, 40, 93, 54, 11, 3, 7, 6, 95, 13, 118, 64, 106, 39, 24, 43, 74, 102, 94, 79, 119, 67, 45, 105, 86, 125, 12, 81, 91, 35, 60, 19, 66, 85, 124, 21, 84, 34, 122, 26, 113, 116, 50, 101, 99, 103, 117, 58, 69, 32, 41, 23, 14, 20, 83, 65, 68, 121, 42, 11, 3, 7, 6, 95, 13, 118, 64, 106, 39, 88, 27, 98, 40, 93, 54, 69, 32, 41, 23, 14, 20, 83, 65, 68, 121, 42, 112, 10, 97, 107, 47, 115, 16, 102, 94, 79, 119, 67, 45, 105, 86, 125, 12, 81, 91, 35, 60, 19, 66, 85, 124, 21, 84, 34, 122, 24, 123, 22, 55, 46, 44, 23, 14, 20, 83, 41, 17, 28, 5, 57, 37, 39, 88, 27, 3, 7, 6, 95, 13, 118, 64, 106, 36, 91, 35, 60, 19, 66, 85, 124, 21, 84, 34, 122, 24, 43, 74, 102, 94, 79, 119, 67, 45, 105, 86, 125, 12, 81, 26, 113, 116, 50, 101, 99, 103, 117, 58, 69, 22, 55, 46, 72, 44, 23, 14, 20, 83, 41, 17, 28, 5, 57, 37, 39, 88, 27, 3, 7, 6, 95, 13, 118, 64, 106, 36, 91, 35, 60, 19, 66, 85, 124, 21, 84, 34, 122, 24, 43, 74, 102, 94, 79, 119, 67, 45, 105, 86, 125, 12, 81, 26, 113, 116, 50, 101, 99, 103, 117, 58, 69, 22, 55, 46, 72, 78, 48, 15, 82, 1, 37, 39, 88, 27, 3, 7, 6, 95, 13, 118, 64, 106, 36, 91, 35, 60, 19, 66, 85, 124, 21, 84, 34, 122, 24, 43, 74, 102, 94, 79, 119, 67, 45, 105, 86, 125, 12, 81, 26, 113, 116, 50, 101, 99, 103, 117, 58, 69, 32, 41, 23, 14, 20, 83, 65, 68, 121, 42, 112, 123, 22, 55, 46, 72, 78, 48, 47, 98, 40, 93, 54, 11, 3, 7, 6, 95, 13, 118, 64, 106, 39, 24, 43, 74, 102, 94, 79, 119, 67, 45, 105, 86, 125, 12, 81, 91, 35, 60, 19, 66, 85, 124, 21, 84, 34, 122, 26, 113, 116, 50, 101, 89, 41, 23, 14, 20, 71, 92, 51, 126, 89, 41, 23, 14, 20, 83, 65, 68, 121, 42, 11, 3, 7, 6, 95, 13, 118, 64, 106, 39, 88, 27, 98, 40, 93, 54, 69, 32, 29, 73, 18, 19, 66, 85, 124, 21, 84, 34, 122, 24, 43, 74, 102, 77, 52, 47, 98, 40, 93, 54, 11, 3, 7, 6, 95, 13, 118, 64, 106, 39, 24, 43, 74, 102, 94, 79, 119, 67, 45, 105, 86, 125, 12, 81, 91, 35, 60, 19, 66, 85, 124, 21, 84, 34, 122, 26, 113, 116, 50, 101, 99, 103, 117, 58, 69, 32, 41, 23, 14, 20, 83, 65, 68, 121, 42, 112, 123, 22, 53, 109, 122, 24, 43, 74, 102, 94, 79, 119, 67, 45, 105, 86, 125, 12, 81, 91, 35, 60, 19, 66, 85, 124, 21, 84, 13, 118, 64, 106, 39, 88, 27, 3, 7, 6, 95, 14, 20, 83, 41, 23, 92, 51, 126, 73, 56, 100, 87, 104, 8, 49, 120, 44, 82, 93, 54, 11, 3, 7, 6, 95, 13, 118, 64, 106, 39, 88, 27, 98, 40, 93, 54, 69, 32, 41, 23, 14, 20, 83, 65, 68, 121, 42, 112, 10, 97, 107, 47, 115, 16, 102, 94, 79, 119, 67, 45, 105, 86, 125, 12, 81, 91, 35, 60, 19, 66, 85, 124, 21, 84, 34, 122, 24, 123, 22, 55, 46, 72, 78, 48, 47, 98, 40, 93, 54, 11, 3, 7, 6, 95, 13, 118, 64, 106, 39, 24, 43, 74, 102, 94, 79, 119, 67, 45, 105, 86, 125, 12, 81, 91, 35, 60, 19, 66, 85, 124, 21, 84, 34, 122, 26, 113, 116, 50, 101, 99, 103, 117, 58, 69, 32, 41, 23, 14, 20, 83, 65, 68, 121, 42, 112, 123, 22, 55, 73, 56, 91, 35, 60, 19, 66, 85, 124, 21, 84, 13, 118, 64, 106, 39, 88, 27, 3, 7, 6, 95, 14, 20, 83, 41, 23, 92, 51, 126, 73, 18, 0, 70, 1, 37, 45, 105, 86, 125, 12, 81, 26, 113, 116, 50, 101, 99, 103, 117, 58, 69, 32, 41, 23, 14, 20, 83, 65, 68, 121, 42, 11, 3, 7, 6, 95, 13, 118, 64, 106, 39, 88, 27, 98, 40, 93, 108, 15, 82, 1, 37, 45, 105, 86, 125, 12, 81, 91, 59, 16, 14, 20, 83, 41, 23, 92, 51, 126, 73, 18, 19, 66, 85, 124, 21, 84, 13, 118, 64, 106, 39, 88, 27, 3, 7, 6, 122, 24, 43, 74, 102, 94, 79, 119, 67, 45, 105, 86, 125, 12, 81, 91, 35, 60, 19, 66, 85, 124, 21, 84, 13, 118, 64, 106, 39, 88, 27, 3, 7, 6, 95, 14, 20, 83, 41, 23, 92, 51, 126, 73, 18, 0, 91, 35, 60, 26, 113, 116, 50, 101, 99, 103, 117, 58, 69, 22, 53, 109, 122, 24, 43, 74, 102, 94, 79, 61, 26, 113, 6, 95, 13, 118, 64, 106, 39, 88, 27, 3, 7, 40, 93, 54, 11, 68, 121, 42, 112, 10, 97, 107, 47, 115, 16, 14, 20, 83, 41, 23, 92, 51, 126, 73, 18, 19, 66, 85, 124, 21, 84, 34, 122, 24, 43, 74, 102, 94, 79, 61, 75, 31, 111, 3, 7, 6, 95, 13, 118, 64, 106, 39, 88, 27, 98, 40, 93, 54, 11, 68, 121, 42, 112, 10, 97, 107, 47, 115, 16, 14, 20, 83, 41, 23, 92, 51, 126, 73, 18, 19, 66, 85, 124, 21, 84, 34, 122, 24, 43, 74, 102, 94, 79, 119, 67, 45, 105, 86, 125, 12, 81, 91, 59, 49, 120, 62, 43, 74, 102, 94, 79, 119, 67, 45, 105, 86, 125, 12, 81, 91, 35, 60, 19, 66, 85, 124, 21, 84, 13, 118, 64, 106, 39, 88, 27, 3, 7, 6, 95, 14, 20, 83, 41, 23, 92, 51, 126, 73, 56, 100, 87, 104, 8, 49, 120, 62, 24, 43, 74, 102, 94, 79, 119, 67, 45, 105, 86, 125, 12, 81, 91, 35, 60, 19, 66, 85, 124, 21, 84, 13, 118, 64, 106, 39, 88, 27, 3, 7, 6, 95, 14, 20, 83, 41, 23, 92, 51, 126, 73, 56, 100, 87, 104, 8, 49, 120, 44, 82, 93, 54, 11, 68, 121, 42, 112, 10, 97, 107, 47, 98, 113, 116, 50, 101, 99, 103, 117, 63, 47, 98, 40, 93, 54, 11, 3, 7, 6, 95, 13, 118, 64, 64, 106, 39, 88, 27, 3, 7, 6, 95, 13, 118, 15, 82, 1, 37, 45, 105, 86, 125, 12, 81, 91, 35, 60, 19, 66, 85, 124, 21, 84, 34, 122, 24, 43, 74, 102, 94, 79, 119, 67, 76, 9, 47, 98, 40, 93, 54, 11, 68, 121, 42, 112, 10, 97, 107, 90, 50, 101, 99, 103, 117, 58, 69, 32, 41, 23, 14, 20, 83, 65, 68, 121, 55, 46, 72, 78, 48, 47, 98, 40, 93, 54, 11, 3, 7, 6, 95, 13, 118, 64, 106, 39, 24, 43, 74, 102, 94, 79, 119, 67, 76, 9, 84, 13, 118, 64, 106, 39, 88, 27, 3, 7, 6, 95, 14, 20, 83, 41, 23, 92, 51, 126, 73, 18, 19, 66, 85, 124, 21, 100, 87, 104, 8, 49, 120, 62, 24, 43, 74, 102, 94, 79, 119, 67, 45, 105, 86, 125, 12, 81, 91, 35, 60, 19, 66, 85, 124, 21, 84, 13, 118, 64, 106, 39, 88, 27, 3, 7, 6, 95, 14, 20, 83, 41, 23, 92, 51, 126, 73, 18, 0, 70, 96, 89, 41, 23, 14, 20, 71, 68, 121, 42, 11, 3, 7, 6, 95, 13, 118, 64, 106, 39, 88, 27, 98, 40, 93, 54, 69, 32, 41, 23, 14, 20, 83, 65, 122, 24, 43, 74, 102, 94, 79, 119, 67, 45, 105, 86, 125, 12, 81, 91, 35, 60, 19, 66, 85, 124, 21, 100, 113, 116, 78, 17, 25, 112, 123, 22, 55, 46, 72, 78, 48, 47, 98, 40, 93, 54, 11, 3, 7, 6, 95, 13, 118, 64, 106, 39, 24, 43, 74, 43, 74, 102, 77, 42, 11, 3, 7, 6, 95, 13, 118, 64, 106, 39, 88, 27, 98, 40, 93, 54, 69, 32, 41, 23, 14, 20, 83, 65, 68, 121, 55, 46, 72, 78, 48, 47, 115, 16, 102, 94, 79, 61, 75, 31, 111, 3, 7, 6, 95, 13, 118, 64, 106, 39, 88, 27, 98, 40, 93, 54, 11, 68, 121, 42, 112, 10, 97, 107, 47, 115, 16, 14, 20, 83, 41, 23, 92, 51, 126, 73, 18, 19, 66, 85, 124, 21, 84, 34, 122, 24, 43, 74, 102, 94, 79, 119, 67, 45, 105, 86, 125, 12, 81, 91, 35, 60, 19, 66, 85, 124, 21, 84, 13, 118, 64, 106, 39, 88, 27, 3, 7, 6, 95, 14, 20, 83, 41, 23, 92, 51, 126, 73, 56, 100, 87, 104, 8, 4, 80, 18, 19, 66, 85, 124, 21, 84, 13, 118, 64, 106, 39, 88, 27, 3, 7, 6, 95, 14, 20, 83, 41, 23, 92, 51, 126, 73, 56, 91, 35, 60, 26, 113, 116, 50, 101, 99, 103, 117, 58, 69, 22, 53, 109, 122, 24, 43, 74, 102, 94, 79, 119, 67, 45, 105, 86, 125, 12, 81, 91, 35, 60, 19, 66, 85, 124, 21, 84, 13, 118, 64, 106, 39, 88, 27, 3, 7, 6, 95, 14, 20, 83, 41, 23, 14, 20, 83, 65, 68, 121, 42, 11, 3, 7, 6, 95, 13, 118, 64, 106, 39, 88, 27, 98, 40, 93, 54, 69, 32, 29, 73, 18, 19, 66, 85, 124, 21, 84, 13, 118, 64, 106, 39, 88, 27, 3, 7, 6, 95, 14, 20, 83, 41, 23, 92, 51, 126, 73, 18, 19, 66, 85, 124, 109, 122, 24, 43, 74, 102, 94, 79, 119, 67, 45, 105, 86, 33, 57, 37, 39, 88, 27, 3, 7, 6, 95, 13, 118, 64, 106, 36, 91, 35, 60, 19, 66, 85, 124, 21, 84, 34, 122, 24, 43, 74, 102, 94, 79, 119, 67, 45, 105, 86, 125, 12, 81, 91, 35, 60, 19, 66, 85, 124, 21, 84, 13, 118, 64, 106, 39, 88, 27, 3, 7, 6, 95, 14, 20, 83, 41, 23, 92, 51, 126, 73, 56, 100, 87, 14, 20, 83, 41, 23, 92, 51, 126, 73, 18, 19, 66, 85, 124, 21, 84, 13, 118, 64, 106, 39, 88, 27, 3, 7, 6, 95, 13, 118, 64, 106, 39, 24, 43, 74, 102, 94, 79, 119, 67, 45, 105, 86, 125, 12, 81, 91, 35, 60, 19, 66, 85, 124, 21, 84, 34, 122, 26, 113, 116, 50, 101, 99, 103, 117, 58, 69, 32, 41, 23, 14, 20, 83, 65, 68, 121, 42, 112, 10, 97, 107, 90, 50, 101, 99, 103, 117, 58, 69, 32, 41, 23, 14, 20, 83, 65, 68, 121, 42, 11, 3, 7, 6, 95, 13, 118, 64, 106, 39, 88, 27, 98, 40, 93, 108, 15, 82, 1, 37, 45, 105, 86, 125, 12, 81, 91, 35, 60, 19, 66, 85, 124, 21, 84, 34, 122, 24, 43, 74, 102, 94, 79, 119, 67, 45, 105, 86, 125, 12, 81, 91, 35, 60, 19, 66, 85, 124, 21, 84, 13, 118, 64, 106, 39, 88, 27, 3, 7, 6, 95, 13, 118, 64, 106, 39, 88, 27, 3, 7, 6, 95, 14, 20, 83, 41, 23, 92, 51, 126, 73, 18, 19, 66, 85, 124, 21, 84, 34, 122, 24, 43, 74, 102, 94, 79, 119, 67, 45, 105, 86, 125, 12, 81, 91, 35, 60, 26, 113, 116, 50, 101, 99, 10, 97, 107, 47, 98, 40, 93, 54, 11, 3, 7, 6, 95, 13, 118, 64, 106, 39, 24, 43, 74, 102, 94, 79, 119, 67, 45, 105, 86, 125, 12, 81, 91, 35, 60, 19, 66, 85, 124, 21, 84, 34, 122, 26, 113, 116, 50, 101, 99, 103, 117, 58, 69, 32, 41, 23, 14, 20, 83, 65, 68, 121, 42, 11, 3, 7, 6, 95, 13, 118, 64, 106, 39, 88, 27, 98, 40, 93, 108, 15, 82, 1, 37, 45, 105, 86, 125, 12, 81, 91, 35, 60, 19, 66, 85, 124, 21, 84, 34, 122, 24, 43, 74, 102, 94, 79, 119, 67, 76, 97, 107, 90, 50, 101, 99, 103, 117, 58, 69, 32, 41, 23, 14, 20, 83, 65, 68, 121, 42, 11, 3, 7, 6, 95, 13, 118, 64, 106, 39, 88, 27, 98, 40, 93, 108, 15, 82, 1, 37, 45, 105, 86, 125, 12, 81, 91, 35, 60, 19, 66, 85, 124, 21, 84, 34, 122, 24, 43, 74, 102, 94, 79, 61, 75, 31, 30, 127, 2, 114, 38, 113, 116, 78, 17, 25, 112, 123, 22, 55, 73, 56, 100, 87, 104, 27, 3, 7, 6, 95, 13, 118, 64, 106, 39, 24, 43, 74, 102, 94, 79, 119, 67, 45, 105, 86, 125, 12, 81, 91, 35, 60, 19, 66, 85, 124, 21, 84, 13, 118, 64, 106, 39, 88, 27, 3, 7, 6, 95, 13, 110, 56, 91, 35, 60, 19, 66, 85, 124, 21, 84, 13, 118, 64, 106, 39, 88, 27, 3, 7, 6, 95, 14, 20, 83, 41, 23, 92, 51, 126, 73, 18, 0, 70, 1, 37, 45, 105, 86, 125, 12, 81, 26, 113, 116, 50, 101, 99, 103, 117, 58, 69, 22, 53, 109, 122, 24, 43, 74, 102, 94, 79, 119, 67, 76, 9, 47, 98, 40, 93, 54, 11, 68, 121, 55, 46, 72, 78, 17, 28, 75, 31, 111, 3, 7, 6, 95, 13, 118, 64, 106, 39, 88, 27, 98, 40, 93, 54, 11, 68, 121, 42, 112, 10, 97, 107, 47, 115, 16, 14, 20, 83, 41, 23, 92, 51, 126, 73, 18, 19, 66, 85, 124, 21, 84, 34, 122, 24, 43, 74, 102, 94, 79, 119, 67, 45, 105, 86, 125, 12, 81, 91, 35, 60, 26, 113, 116, 50, 101, 99, 103, 117, 58, 69, 22, 55, 46, 72, 78, 17, 28, 75, 31, 30, 127, 2, 114, 38, 113, 116, 50, 101, 99, 103, 117, 58, 69, 32, 41, 23, 14, 20, 83, 65, 68, 121, 42, 11, 3, 7, 6, 95, 13, 118, 64, 106, 39, 88, 27, 3, 7, 6, 95, 13, 118, 15, 82, 1, 37, 45, 105, 86, 125, 12, 81, 91, 35, 60, 19, 66, 85, 124, 21, 84, 34, 122, 24, 43, 74, 102, 94, 79, 119, 67, 76, 9, 47, 98, 40, 93, 54, 11, 68, 121, 42, 112, 10, 97, 107, 90, 50, 101, 99, 103, 117, 58, 69, 32, 41, 23, 14, 20, 71, 92, 51, 126, 73, 56, 100, 87, 104, 8, 49, 120, 62, 24, 43, 74, 102, 94, 79, 119, 67, 45, 105, 86, 125, 12, 81, 91, 35, 60, 19, 66, 85, 124, 21, 84, 13, 118, 64, 106, 39, 88, 27, 3, 7, 6, 95, 14, 20, 83, 41, 23, 92, 51, 126, 73, 56, 100, 87, 104, 8, 49, 120, 44, 82, 93, 54, 11, 68, 121, 42, 11, 3, 7, 6, 95, 13, 118, 64, 106, 39, 88, 27, 98, 40, 93, 54, 69, 32, 41, 23, 14, 20, 71, 92, 51, 126, 73, 18, 19, 66, 85, 124, 21, 84, 13, 118, 64, 106, 39, 88, 27, 3, 7, 6, 95, 14, 20, 83, 41, 23, 92, 51, 36, 91, 35, 60, 26, 113, 116, 50, 101, 99, 103, 117, 58, 69, 22, 53, 109, 122, 24, 43, 74, 102, 94, 79, 119, 67, 45, 105, 86, 125, 12, 44, 82, 93, 54, 11, 68, 121, 55, 46, 72, 78, 17, 28, 75, 31, 30, 127, 76, 9, 84, 13, 118, 64, 106, 39, 88, 27, 3, 7, 6, 95, 14, 20, 83, 41, 23, 92, 51, 126, 73, 18, 0
a, a, a, a, a, a, a, a, a, a, a, a, a, a, a, a, b, a, a, a, a, a, a, b, a, a, a, a, a, a, a, a, a, a, a, a, a, a, b, a, a, b, a, b, a, a, a, a, a, b, b, a, a, a, b, b, b, b, b, b, a, b, b, b, b, b, a, b, b, b, a, b, b, a, b, b, b, b, a, a, b, b, b, b, b, a, b, b, b, b, a, b, b, a, b, a, a, a, a, b, a, a, a, a, a, b, b, b, b, a, a, a, a, b, b, a, b, b, b, b, b, b, b, a, b, b, b, b, a, b, b, b, b, b, b, b, b, b, b, a, b, b, b, b, a, b, b, b, b, b, b, b, b, b, b, b, b, b, a, b, a, b, b, b, b, b, b, b, a, a, b, b, b, a, b, a, b, a, b, a, a, a, b, b, b, b, b, b, a, b, b, b, b, b, b, b, b, b, b, b, b, b, b, b, b, b, b, b, b, b, b, a, b, b, b, b, b, b, b, a, b, b, b, b, a, b, b, b, a, a, b, a, a, a, a, a, a, b, b, b, a, b, a, b, b, b, b, b, a, b, b, b, b, b, b, a, b, a, b, b, b, a, b, a, b, a, b, a, b, a, a, b, a, a, a, b, b, b, b, a, b, b, b, b, a, a, a, b, a, b, a, b, b, b, b, a, a, b, a, b, b, b, b, b, b, b, b, b, b, b, a, b, b, b, b, b, b, b, a, b, b, b, b, a, b, b, b, b, a, a, a, b, a, b, b, b, b, b, a, b, a, b, b, b, b, b, b, b, a, b, b, b, b, b, b, a, b, b, b, b, a, b, a, b, b, b, b, b, a, b, a, b, b, b, a, b, a, b, a, b, a, a, a, a, b, a, a, b, a, b, a, a, a, b, b, a, b, b, b, b, b, b, b, b, b, b, b, b, b, b, b, b, b, b, b, b, b, b, a, b, b, b, b, b, b, b, a, b, b, b, b, a, b, b, b, a, a, b, a, a, b, b, b, b, a, b, b, b, b, b, a, b, b, a, b, b, b, a, b, b, b, b, b, b, b, a, b, b, b, a, b, a, a, a, b, b, a, b, a, b, b, b, b, b, a, b, b, b, b, b, b, b, b, b, b, b, b, b, a, b, b, b, b, b, b, a, b, b, b, a, b, b, b, b, b, b, b, b, b, b, b, b, b, a, b, a, b, b, b, b, b, b, b, a, a, b, b, b, a, b, b, b, b, b, b, a, b, b, b, b, b, b, a, a, b, a, b, b, b, b, b, a, b, b, b, b, b, b, b, b, b, b, b, b, b, a, b, b, b, b, b, b, b, b, b, b, a, b, b, b, b, b, a, b, b, b, a, b, b, a, b, b, b, b, b, a, a, b, b, b, b, b, b, b, b, b, b, b, b, b, a, a, b, b, b, a, b, b, b, b, b, b, b, b, b, b, b, b, b, b, b, b, a, b, b, b, a, a, a, b, b, b, b, b, a, b, b, b, b, b, b, b, b, b, b, b, b, b, a, b, b, b, b, b, b, a, b, b, b, a, b, b, b, b, b, b, b, b, b, b, b, b, b, a, b, a, b, b, b, b, b, b, b, a, a, b, b, b, b, b, b, b, b, b, b, a, b, b, a, b, a, b, b, b, b, b, a, b, b, b, b, b, b, b, a, b, b, b, b, a, b, b, b, b, b, b, b, b, b, a, b, a, a, b, b, b, b, b, b, a, b, b, b, b, b, b, b, b, b, b, b, b, b, a, b, a, b, b, b, b, b, b, b, a, a, b, b, b, b, b, b, b, b, b, b, a, b, b, a, b, b, b, a, a, a, b, b, b, b, a, b, b, b, b, b, b, b, b, b, b, b, b, b, b, b, b, b, b, b, b, b, b, a, b, b, b, b, b, b, b, a, b, b, b, b, a, b, b, b, a, a, b, a, a, b, b, a, a, a, b, b, b, b, b, b, b, b, b, a, b, b, b, a, b, b, b, b, a, b, b, a, b, b, b, b, a, a, b, b, b, b, b, a, b, b, b, b, b, b, b, b, b, b, a, b, b, b, b, a, b, b, b, b, b, b, b, b, b, a, b, a, a, a, b, b, b, b, b, b, b, b, b, a, b, b, b, b, b, b, b, b, b, b, b, a, b, b, b, a, b, b, a, b, b, b, b, a, b, b, b, b, b, a, b, b, b, b, b, b, a, b, b, b, b, b, a, b, b, b, a, b, b, a, b, b, b, b, a, a, b, b, a, a, b, a, a, a, a, a, a, b, b, b, b, b, b, b, b, b, b, b, b, a, b, b, b, b, b, b, b, a, b, b, b, b, a, b, b, b, b, a, a, a, b, a, b, b, b, b, b, a, b, a, b, b, b, b, b, b, b, a, b, b, b, b, b, b, a, b, b, b, b, a, b, a, b, b, b, b, b, a, b, a, b, b, b, a, b, b, a, a, b, b, b, b, b, a, b, b, b, b, b, b, b, b, b, b, b, b, b, a, b, b, b, b, b, b, a, b, b, b, a, b, b, b, b, b, b, b, b, b, b, b, b, b, a, b, a, b, b, b, b, b, b, b, a, a, b, b, b, a, b, b, b, b, b, b, b, b, b, b, b, b, b, b, a, a, b, b, b, b, b, b, b, b, b, a, b, b, b, b, a, b, b, b, b, b, b, b, b, b, b, a, b, a, b, b, b, b, b, b, b, b, b, b, b, b, b, a, b, b, b, a, a, a, a, b, b, b, a, b, a, b, a, b, a, a, a, a, a, b, a, b, b, b, b, b, b, b, b, b, b, b, b, a, b, b, b, b, b, b, b, a, b, b, b, b, a, b, b, b, b, b, a, b, b, b, b, b, a, b, b, b, b, b, b, a, b, b, b, b, b, b, b, b, b, b, b, a, b, b, b, a, b, b, a, b, b, b, b, a, b, b, b, b, b, b, b, b, b, b, b, b, b, b, b, b, b, a, b, b, b, b, b, b, b, a, b, b, a, a, b, b, b, a, b, b, b, b, b, b, b, b, b, b, b, b, b, b, b, b, b, b, b, b, b, b, a, b, b, b, b, b, b, b, a, b, b, b, b, b, b, b, b, b, a, b, b, b, b, b, b, b, b, b, b, b, b, b, a, b, b, b, b, b, b, a, b, b, b, a, b, b, b, b, b, b, b, b, b, b, b, b, b, a, b, a, b, b, b, b, b, b, b, a, a, b, b, b, a, a, b, b, a, b, b, b, b, b, b, a, b, b, b, a, b, b, b, b, b, b, b, b, b, b, b, a, b, b, b, b, b, b, b, b, b, b, a, b, b, b, a, b, b, b, b, a, b, b, a, b, b, b, b, a, a, b, b, b, b, b, a, b, b, b, b, b, b, b, b, b, b, a, b, b, b, b, a, b, b, b, b, b, b, b, b, b, b, b, b, b, a, b, a, b, b, b, b, b, b, b, b, a, b, b, b, b, b, b, b, b, b, b, b, a, b, b, b, b, b, b, b, a, b, b, b, b, a, b, b, b, a, b, b, b, a, b, a, b, b, b, b, b, b, b, a, b, b, b, b, b, b, a, b, b, b, b, b, b, b, b, b, a, a, a, b, b, a, b, a, b, b, b, a, b, a, b, b, a, b, b, b, b, b, b, b, b, b, b, a, b, b, b, b, b, b, b, a, b, b, b, b, a, b, b, b, b, a, b, a, b, a, b, b, b, b, b, b, b, b, b, b, a, b, a, b, b, b, b, b, b, b, b, b, a, b, b, b, b, b, b, b, b, b, b, b, b, b, b, a, a, b, b, b, b, b, b, b, b, b, a, b, b, b, b, a, b, b, b, b, b, b, b, b, b, b, b, b, b, b, b, b, b, b, b, b, b, b, a, b, b, b, b, b, b, b, a, b, b, b, b, a, b, b, b, a, a, b, a, a, b, b, a, a, a, b, b, a, b, b, a, b, b, b, b, b, a, a, b, b, b, b, b, b, b, a, a, b, b, b, a, b, a, b, a, b, a, a, b, a, b, b, b, b, b, b, b, b, a, b, b, b, b, b, b, b, b, b, b, b, a, b, b, b, a, b, b, a, b, b, b, b, a, b, b, b, b, b, b, b, b, b, b, b, b, b, b, a, b, b, b, b, a, b, b, a, b, b, a, b, a, a, b, b, b, b, b, b, b, a, b, b, b, b, b, a, b, b, b, a, b, b, a, b, b, b, b, a, a, b, b, b, b, b, b, b, b, b, a, b, b, b, b, b, b, b, b, b, b, b, b, b, b, a, a, b, b, b, b, b, b, b, b, b, a, b, b, b, b, a, b, b, b, b, b, b, b, b, b, b, a, b, a, b, b, b, b, b, b, b, b, a, b, a, a, b, a, a, b, b, a, a, a, b, b, a, b, b, a, b, b, b, b, b, b, b, b, b, b, b, b, b, b, b, b, a, b, a, b, b, a, b, b, b, b, b, b, b, b, b, b, b, b, b, b, b, b, b, b, b, a, b, a, b, a, b, b, b, b, b, b, b, b, b, b, b, b, b, a, b, b, b, b, b, b, b, b, b, b, b, a, b, b, b, a, b, b, b, a, b, b, b, b, b, b, a, b, b, b, a, b, b, b, b, a, a, a, b, b, b, b, b, b, b, b, b, b, b, b, b, b, b, b, b, b, b, a, b, b, a, a, a, b, a, b, b, b, b, b, a, b, b, b, b, b, b, b, b, b, b, b, b, b, b, a, a, b, b, b, b, b, b, b, b, b, a, b, b, b, b, a, b, b, b, b, b, b, b, b, b, b, a, b, a, b, b, b, b, b, b, b, a, a, b, b, a, b, b, b, b, b, a, b, b, b, b, b, b, b, b, b, b, b, b, b, b, a, a, b, b, b, b, b, b, b, b, b, a, b, b, b, b, a, b, b, b, b, b, b, b, b, b, b, a, b, a, b, b, b, b, b, b, b, a, a, b, b, b, b, a, b, b, b, b, b, b, b, b, b, b, b, b, b, a, a, b, b, b, b, b, b, b, b, b, a, b, b, b, b, a, b, b, b, b, b, b, b, b, b, b, a, b, a, b, b, b, b, b, b, b, b, b, b, b, b, b, a, b, b, b, a, a, a, a, b, b, b, b, b, b, b, b, b, b, b, b, b, b, b, b, b, a, b, a, b, b, a, b, b, b, b, b, b, b, b, b, b, b, b, b, b, b, b, b, b, b, a, b, a, b, a, b, b, a, b, b, b, b, a, a, b, b, a, b, b, b, b, b, a, b, b, b, b, b, b, b, b, b, b, b, a, b, b, b, a, b, b, b, a, b, a, b, b, b, b, b, b, b, b, a, b, b, b, b, a, a, a, b, b, b, b, b, b, b, b, b, b, b, b, b, a, b, a, b, b, a, b, b, b, b, b, b, b, b, b, b, b, b, b, b, b, b, b, b, b, a, b, a, b, a, b, b, b, b, b, b, b, b, b, b, b, b, b, a, b, b, b, a, a, a, b, b, b, b, b, b, a, b, b, b, b, b, b, b, b, b, b, b, b, b, b, b, b, b, b, b, b, b, b, a, b, b, b, b, b, b, b, a, b, b, b, b, a, b, b, b, a, a, b, a, a, b, b, a, a, a, b, b, b, b, b, b, b, b, b, a, b, b, b, a, b, b, b, a, b, b, b, b, b, b, a, b, b, b, a, b, b, b, b, a, a, a, b, b, b, b, b, b, b, b, b, b, b, b, b, b, b, b, b, b, b, a, b, b, a, a, a, b, b, b, b, b, b, b, b, b, b, b, b, b, b, b, b, b, a, b, a, b, b, a, b, b, b, b, b, b, b, b, b, b, b, b, b, b, b, b, b, b, b, a, b, a, b, a, b, b, b, b, b, b, b, b, b, b, b, b, b, a, b, b, b, a, a, a, a, a, a, b, b, b, b, b, b, b, b, b, b, b, b, a, b, b, b, b, b, b, b, a, b, b, b, b, a, b, b, b, b, a, a, a, b, a, b, b, b, b, b, a, b, a, b, b, b, b, b, b, b, b, b, b, b, b, b, a, b, b, b, b, b, b, b, b, b, b, b, a, b, b, b, a, b, b, a, b, b, b, b, a, b, b, b, b, b, b, a, b, b, b, b, b, b, a, b, b, b, b, b, b, b, b, b, b, b, b, b, a, b, b, b, b, b, b, a, b, b, b, a, b, b, b, b, b, b, b, b, b, b, b, b, b, b, b, b, b, b, b, b, b, b, a, b, b, b, b, b, b, b, a, b, b, b, b, a, b, b, b, b, a, b, b, b, a, b, a, b, b, b, b, b, b, b, a, b, b, b, b, b, b, a, b, b, a, a, b, b, b, b, b, b, a, b, b, b, b, b, a, b, b, b, a, b, b, a, b, b, b, b, a, a, b, b, b, b, b, a, b, b, b, b, b, b, b, b, b, b, a, b, b, b, b, a, b, b, a, b, b, b, b, b, b, b, b, b, b, a, b, b, b, a, b, b, b, b, a, b, b, a, b, b, b, b, a, a, b, b, b, b, b, a, b, b, b, b, b, b, b, b, b, b, a, b, b, b, b, a, b, b, b, b, b, b, b, b, b, b, b, a, a, b, b, a, b, a, b, b, b, b, b, b, b, b, b, b, b, b, b, b, b, b, b, b, b, b, b, b, a, b, b, b, b, b, b, b, a, b, b, b, b, a, b, b, b, a, a, b, a, a, b, b, b, b, b, b, a, b, b, b, b, b, b, b, b, b, b, b, b, b, b, b, b, b, b, b, b, b, b, a, b, b, b, b, b, b, b, a, b, b, b, b, a, b, b, b, a, a, b, a, a, b, b, a, a, a, b, b, a, b, b, a, b, b, b, b, b, a, a, b, b, b, b, b, a, b, b, b, b, b, b, b, b, b, b, b, b, b, b, a, b, b, b, b, b, b, b, b, b, a, b, b, b, a, b, b, b, b, b, b, b, b, b, b, b, b, b, b, a, b, b, b, b, a, b, b, b, b, a, b, a, b, b, b, b, b, a, b, b, a, b, b, b, a, b, b, b, b, b, b, b, b, b, b, b, b, b, a, b, b, a, b, b, b, b, b, b, b, b, b, b, b, b, b, b, b, b, b, a, b, a, b, b, a, b, b, b, b, a, b, b, b, b, b, a, b, b, b, b, b, b, b, a, b, b, b, b, a, b, b, b, b, b, b, b, b, b, a, b, a, a, b, b, b, b, b, b, a, b, b, b, b, b, b, b, b, b, b, b, b, b, b, b, b, b, b, b, b, b, b, a, b, b, b, b, b, b, b, a, b, b, b, b, a, b, b, b, b, a, a, b, b, b, b, b, b, a, b, b, b, b, b, b, b, b, b, b, b, a, b, b, b, a, b, b, b, a, b, b, b, b, b, b, a, a, b, b, b, a, b, b, b, b, b, b, b, b, b, b, b, b, b, b, b, b, b, b, a, a, a, a, a, a, a, a, a, a, b, b, b, b, b, b, b, b, b, b, b, b, b, b, b, b, b, a, b, a, b, b, b, b, a, a, b, b, b, b, b, b, b, b, b, a, b, b, b, a, b, b, b, a, b, b, b, b, b, b, a, b, b, a, b, b, b, b, b, a, a, a, b, b, a, b, b, b, b, b, b, b, b, b, b, a, b, b, b, a, b, b, b, b, a, b, b, a, b, b, b, b, a, a, b, b, b, b, b, a, b, b, b, b, b, b, b, b, b, b, a, b, b, b, b, a, b, b, b, b, b, b, b, b, b, b, b, b, b, b, b, b, b, b, b, b, b, b, a, b, b, b, b, b, b, b, a, b, b, b, b, a, b, b, b, a, a, b, a, a, a, a, b, b, b, b, b, b, b, b, b, b, a, b, b, b, b, b, b, b, a, b, b, b, b, a, b, b, b, a, b, b, b, a, b, a, b, b, b, b, b, b, b, a, b, b, b, b, b, b, a, b, b, b, b, b, b, b, b, b, b, b, b, b, b, b, b, b, b, b, b, b, b, a, b, b, b, b, b, b, b, a, b, b, b, b, b, b, b, a, b, b, b, b, b, b, b, b, b, b, b, a, b, b, b, a, b, b, b, a, b, a, b, b, b, b, b, b, b, b, b, b, b, a, b, b, b, b, b, b, b, a, b, b, b, b, a, b, b, b, b, b, b, b, b, a, b, b, b, b, a, b, b, b, b, b, b, b, a, b, b, b, b, b, b, b, b, b, b, b, b, a, a, b, b, b, b, b, b, b, b, b, a, b, b, b, b, a, b, b, b, b, b, b, b, b, b, b, b, b, b, b, b, b, b, b, b, b, b, b, a, b, b, b, b, b, b, b, a, b, b, b, b, a, b, b, b, a, a, b, b, b, b, b, b, a, b, b, b, b, b, b, b, b, b, b, b, b, b, a, b, b, b, b, b, b, b, b, b, b, a, b, a, b, b, a, b, b, b, b, b, b, b, b, b, b, b, b, b, b, b, b, b, b, b, a, b, a, b, a, b, b, b, b, b, b, b, b, b, b, b, b, b, a, b, b, b, a, b, b, b, a, b, b, b, b, b, b, b, b, b, b, b, b, b, a, b, b, b, b, b, b, b, b, b, b, b, a, b, b, b, a, b, b, a, b, b, b, b, a, b, b, b, b, b, b, b, b, b, b, b, b, b, b, a, b, b, b, b, a, b, b, b, b, b, b, b, b, b, b, b, b, b, b, b, b, b, b, b, b, b, b, a, b, b, b, b, b, b, b, b, b, b, a, b, b, b, b, b, b, b, a, b, b, b, b, a, b, b, b, b, b, b, b, b, b, b, a, b, b, b, b, a, b, b, b, b, b, b, b, b, b, b, b, b, b, a, b, a, b, b, b, a, b, b, b, b, b, b, b, b, b, b, b, b, b, b, b, a, b, a, b, b, a, b, b, b, b, b, b, b, b, b, b, b, b, b, b, b, b, b, b, b, a, b, a, b, a, b, b, b, b, b, b, b, b, b, b, b, b, b, a, b, b, b, b, b, b, b, b, b, b, b, a, b, b, b, a, b, b, a, b, b, b, b, a, b, b, b, b, b, b, b, b, b, b, b, b, b, b, a, b, b, b, b, a, b, b, b, b, a, a, b, a, b, b, b, b, b, b, b, b, b, b, b, b, b, a, b, b, b, b, b, b, b, b, b, b, b, a, b, b, b, a, b, b, a, b, b, b, b, a, b, b, b, b, b, b, b, b, b, b, b, b, b, b, a, b, b, b, b, a, b, b, a, b, b, a, b, a, a, b, b, a, a, a, a, a, a, a, a, a, a, a, b, a, b, b, b, b, b, b, b, b, a, b, a, b, b, a, b, b, b, b, b, b, b, b, b, b, b, b, b, b, b, b, b, b, b, b, b, b, a, b, b, b, b, b, b, b, b, a, b, b, b, b, b, b, b, b, b, b, b, b, b, a, b, b, b, b, b, b, b, a, b, b, b, b, a, b, b, b, b, a, a, a, b, a, b, b, b, b, b, a, b, a, b, b, b, b, b, b, b, a, b, b, b, b, b, b, a, b, b, b, b, a, b, a, b, b, b, b, b, a, b, a, b, b, b, a, b, a, b, b, b, b, b, b, b, b, b, a, b, b, b, a, b, b, b, b, a, b, b, a, b, b, b, b, a, a, b, b, b, b, b, a, b, b, b, b, b, b, b, b, b, b, a, b, b, b, b, a, b, b, b, b, b, b, b, b, b, b, b, b, b, a, b, a, b, b, b, b, b, b, b, a, a, b, b, b, a, b, a, b, a, b, a, a, b, b, a, b, b, b, b, b, b, b, b, b, b, b, b, b, a, b, b, b, b, b, b, b, b, b, b, b, a, b, b, b, b, b, b, b, b, b, a, b, b, b, a, b, b, b, b, b, b, b, b, b, b, b, b, b, b, a, b, b, b, b, a, b, b, b, b, a, b, a, b, b, b, b, b, a, b, b, a, b, b, b, a, b, b, b, b, b, b, b, b, b, b, b, b, a, a, b, b, b, a, a, b, a, a, b, b, b, b, b, b, a, b, b, b, b, b, b, b, b, b, b, b, b, b, b, b, b, b, b, b, b, b, b, a, b, b, b, b, b, b, b, a, b, b, b, b, a, b, b, b, a, a, b, a, a, b, b, a, a, a, b, b, a, b, b, b, b, b, b, b, b, b, b, a, b, b, b, a, b, b, b, a, b, b, b, b, b, a, a, b, b, b, b, b, b, b, b, b, b, b, b, b, a, b, b, b, b, b, b, b, a, b, b, b, b, a, b, a, b, b, b, a, b, a, b, b, b, b, b, b, b, a, b, b, b, b, b, b, a, b, b, b, b, b, b, b, b, b, a, a, a, b, b, a, b, a, b, b, b, a, b, a, b, a, b, b, b, b, b, b, b, a, b, b, b, b, b, b, b, a, b, b, b, b, a, b, b, b, b, a
0, 0, 1, 1, 0, 1, 0, 0, 0, 0, 1, 0, 1, 1, 0, 1, 0, 0, 0, 1, 0, 0, 1, 1, 0, 1, 1, 1, 1, 0, 0, 0, 1, 1, 0, 0, 1, 0, 1, 0, 0, 1, 0, 1, 0, 0, 1, 1, 0, 0, 0, 0, 1, 1, 0, 1, 1, 0, 0, 0, 0, 0, 0, 1, 0, 1, 0, 1, 0, 1, 0, 0, 1, 0, 1, 0, 0, 0, 0, 1, 1, 1, 0, 1, 1, 1, 0, 1, 1, 0, 1, 1, 0, 0, 0, 0, 0, 0, 1, 1, 0, 0, 1, 1, 0, 0, 1, 1, 0, 0, 0, 0, 1, 0, 0, 0, 0, 0, 1, 0, 1, 1, 1, 0, 1, 0, 1, 1, 1, 0, 1, 1, 0, 1, 1, 1, 0, 1, 0, 1, 1, 0, 0, 0, 1, 0, 1, 1, 0, 0, 0, 1, 0, 0, 0, 0, 0, 1, 1, 0, 1, 0, 1, 0, 0, 0, 1, 1, 1, 1, 1, 1, 0, 0, 0, 0, 1, 0, 0, 1, 1, 1, 1, 1, 0, 1, 0, 0, 1, 0, 1, 1, 0, 0, 0, 1, 0, 0, 0, 0, 0, 1, 0, 1, 1, 0, 1, 0, 0, 0, 0, 0, 0, 0, 1, 0, 1, 1, 1, 0, 1, 0, 1, 1, 1, 0, 1, 1, 0, 1, 0, 0, 0, 1, 0, 0, 1, 1, 1, 0, 0, 0, 1, 0, 1, 0, 0, 0, 1, 1, 0, 1, 1, 0, 1, 0, 0, 1, 1, 1, 0, 0, 0, 0, 1, 0, 0, 1, 1, 0, 1, 1, 1, 0, 1, 0, 0, 0, 0, 0, 0, 0, 1, 0, 1, 1, 0, 1, 0, 0, 1, 1, 0, 1, 1, 0, 1, 1, 0, 0, 1, 0, 1, 1, 0, 1, 0, 0, 0, 0, 0, 0, 0, 1, 0, 1, 1, 1, 0, 1, 0, 1, 1, 1, 0, 1, 1, 0, 1, 0, 0, 0, 0, 0, 1, 0, 0, 0, 0, 0, 1, 0, 1, 0, 0, 0, 1, 1, 1, 1, 1, 0, 0, 0, 0, 1, 0, 1, 1, 0, 0, 1, 1, 0, 1, 1, 0, 1, 0, 0, 1, 1, 1, 0, 0, 0, 0, 1, 0, 0, 1, 1, 1, 1, 1, 1, 1, 0, 0, 0, 0, 0, 0, 0, 0, 1, 0, 1, 1, 0, 0, 0, 1, 0, 0, 0, 0, 0, 1, 0, 1, 1, 0, 1, 0, 0, 0, 0, 0, 0, 0, 1, 0, 1, 1, 1, 0, 1, 0, 1, 1, 1, 0, 1, 1, 0, 1, 0, 0, 0, 1, 1, 0, 1, 0, 1, 1, 1, 0, 1, 0, 0, 1, 0, 1, 0, 0, 0, 1, 1, 0, 0, 0, 1, 1, 1, 1, 1, 0, 0, 0, 1, 0, 0, 0, 0, 0, 0, 1, 1, 1, 0, 1, 1, 1, 0, 1, 1, 0, 1, 1, 1, 0, 1, 0, 0, 0, 0, 0, 0, 0, 1, 0, 1, 1, 0, 0, 0, 0, 1, 0, 1, 1, 0, 0, 0, 1, 0, 0, 0, 0, 0, 1, 1, 0, 1, 0, 1, 0, 0, 0, 1, 1, 1, 1, 1, 1, 0, 0, 0, 0, 1, 0, 1, 0, 1, 0, 1, 0, 1, 1, 1, 0, 1, 1, 1, 1, 1, 0, 1, 1, 1, 0, 1, 1, 0, 1, 1, 1, 0, 1, 0, 0, 0, 0, 0, 0, 0, 1, 0, 1, 1, 1, 0, 0, 0, 0, 0, 0, 1, 0, 1, 0, 1, 0, 1, 0, 0, 1, 0, 1, 0, 0, 0, 0, 0, 1, 0, 1, 0, 0, 0, 1, 1, 1, 0, 1, 1, 1, 0, 0, 0, 0, 0, 0, 1, 0, 1, 1, 0, 0, 0, 1, 0, 0, 0, 0, 0, 1, 0, 1, 1, 0, 0, 1, 1, 1, 0, 1, 1, 1, 0, 1, 1, 1, 0, 1, 1, 0, 1, 1, 1, 0, 1, 0, 0, 0, 0, 0, 0, 0, 1, 0, 1, 1, 0, 0, 0, 0, 1, 0, 1, 1, 0, 0, 0, 1, 0, 0, 0, 0, 0, 1, 1, 0, 1, 0, 1, 0, 0, 0, 1, 1, 1, 1, 1, 1, 0, 1, 1, 0, 1, 1, 0, 1, 0, 0, 1, 0, 1, 0, 1, 1, 0, 0, 0, 0, 0, 0, 1, 0, 1, 1, 1, 0, 1, 0, 1, 1, 1, 0, 1, 1, 0, 1, 1, 1, 0, 1, 1, 0, 0, 0, 1, 1, 0, 1, 0, 0, 1, 0, 1, 1, 0, 0, 0, 1, 0, 0, 0, 0, 0, 1, 1, 0, 1, 0, 1, 0, 0, 0, 1, 1, 1, 1, 1, 1, 0, 1, 1, 0, 1, 1, 0, 1, 0, 0, 1, 0, 1, 0, 0, 0, 1, 1, 0, 0, 0, 0, 1, 0, 1, 1, 0, 0, 0, 1, 0, 0, 0, 0, 0, 1, 0, 1, 1, 0, 1, 0, 0, 0, 0, 0, 0, 0, 1, 0, 1, 1, 1, 0, 1, 0, 1, 1, 1, 0, 1, 1, 0, 1, 0, 0, 0, 1, 1, 0, 0, 1, 0, 1, 0, 1, 1, 1, 0, 0, 0, 0, 0, 0, 1, 0, 1, 1, 0, 1, 0, 0, 1, 0, 1, 0, 0, 0, 0, 1, 1, 1, 0, 1, 1, 1, 0, 1, 1, 0, 1, 1, 1, 0, 1, 0, 1, 1, 0, 0, 0, 1, 0, 1, 1, 0, 0, 0, 1, 0, 0, 1, 1, 1, 1, 1, 0, 1, 1, 1, 0, 1, 1, 1, 0, 0, 0, 0, 1, 0, 0, 1, 1, 1, 0, 0, 0, 0, 0, 0, 1, 0, 1, 1, 1, 0, 1, 1, 0, 0, 0, 1, 0, 0, 0, 0, 0, 1, 1, 0, 0, 0, 0, 0, 0, 1, 0, 1, 0, 1, 0, 1, 0, 0, 1, 0, 1, 0, 0, 0, 0, 1, 1, 1, 0, 1, 0, 1, 1, 0, 1, 0, 1, 1, 0, 1, 0, 1, 1, 0, 1, 0, 0, 0, 0, 0, 0, 0, 1, 0, 1, 1, 1, 0, 1, 0, 1, 1, 1, 0, 1, 1, 0, 1, 0, 0, 0, 0, 0, 1, 0, 0, 0, 0, 0, 1, 0, 1, 0, 0, 0, 1, 1, 1, 1, 1, 0, 0, 0, 0, 1, 0, 1, 1, 0, 0, 1, 1, 0, 1, 1, 0, 1, 0, 0, 1, 1, 1, 0, 0, 0, 0, 0, 1, 1, 1, 0, 1, 1, 1, 0, 1, 1, 0, 1, 1, 1, 0, 1, 0, 0, 0, 0, 0, 0, 0, 1, 0, 1, 1, 0, 0, 0, 0, 1, 0, 1, 1, 0, 0, 0, 1, 0, 0, 0, 0, 0, 1, 1, 0, 1, 0, 1, 0, 0, 0, 1, 1, 1, 1, 1, 1, 0, 0, 0, 0, 1, 0, 1, 0, 1, 0, 1, 1, 1, 0, 0, 0, 0, 1, 1, 0, 1, 0, 1, 1, 0, 1, 0, 1, 1, 0, 0, 0, 1, 0, 1, 1, 0, 0, 0, 1, 0, 0, 0, 0, 0, 1, 0, 1, 0, 0, 0, 1, 1, 1, 0, 1, 1, 1, 0, 0, 0, 0, 1, 0, 1, 0, 1, 1, 1, 0, 0, 0, 0, 1, 0, 0, 1, 1, 1, 1, 0, 1, 1, 1, 0, 1, 0, 1, 1, 0, 1, 0, 0, 0, 0, 0, 0, 0, 1, 0, 1, 1, 1, 0, 1, 0, 1, 1, 1, 0, 1, 1, 0, 1, 1, 0, 0, 1, 1, 0, 0, 1, 0, 1, 1, 1, 0, 0, 0, 0, 1, 0, 0, 1, 1, 1, 0, 0, 0, 0, 0, 0, 1, 0, 1, 1, 1, 0, 1, 1, 0, 0, 0, 1, 0, 0, 0, 0, 0, 1, 0, 1, 1, 0, 1, 0, 0, 0, 0, 0, 0, 0, 1, 0, 1, 1, 1, 0, 1, 0, 0, 0, 0, 0, 0, 1, 0, 1, 1, 0, 0, 0, 1, 0, 0, 0, 0, 0, 1, 0, 1, 1, 0, 1, 0, 0, 0, 0, 0, 0, 0, 1, 0, 1, 1, 1, 0, 1, 0, 1, 1, 1, 1, 0, 1, 1, 1, 0, 1, 1, 0, 1, 1, 1, 0, 1, 0, 0, 0, 0, 0, 0, 0, 1, 0, 1, 1, 0, 0, 0, 0, 1, 0, 1, 1, 0, 0, 0, 1, 0, 0, 0, 0, 0, 1, 1, 0, 1, 0, 1, 0, 0, 0, 1, 1, 1, 1, 1, 1, 0, 0, 0, 1, 1, 1, 0, 1, 1, 0, 0, 0, 0, 0, 0, 1, 0, 1, 1, 0, 1, 0, 1, 1, 1, 0, 0, 0, 0, 0, 0, 1, 0, 1, 1, 1, 0, 0, 0, 0, 0, 0, 1, 0, 1, 1, 0, 1, 0, 0, 1, 0, 1, 0, 0, 0, 0, 1, 1, 1, 0, 1, 1, 1, 0, 1, 1, 0, 1, 1, 1, 0, 1, 0, 1, 1, 0, 0, 0, 1, 0, 1, 1, 0, 0, 0, 1, 0, 0, 0, 0, 0, 1, 1, 0, 1, 0, 1, 0, 0, 0, 1, 1, 1, 1, 1, 0, 1, 1, 1, 0, 1, 0, 0, 0, 0, 0, 0, 0, 1, 0, 1, 1, 1, 0, 1, 0, 1, 1, 1, 0, 1, 1, 0, 0, 0, 1, 1, 0, 1, 0, 1, 0, 0, 0, 1, 1, 1, 1, 1, 0, 0, 0, 0, 1, 0, 1, 1, 0, 0, 0, 1, 0, 0, 1, 0, 1, 0, 1, 0, 0, 1, 1, 1, 0, 0, 0, 0, 1, 0, 1, 1, 0, 1, 1, 0, 1, 0, 0, 0, 0, 0, 0, 0, 1, 0, 1, 1, 1, 0, 1, 0, 1, 1, 1, 0, 1, 1, 0, 1, 1, 1, 1, 1, 0, 1, 1, 0, 0, 0, 1, 0, 0, 0, 0, 0, 1, 0, 1, 0, 0, 0, 1, 1, 1, 0, 1, 0, 0, 1, 0, 1, 0, 1, 0, 1, 1, 1, 0, 0, 0, 0, 1, 1, 0, 1, 0, 1, 1, 0, 1, 0, 1, 1, 0, 0, 0, 1, 0, 1, 1, 0, 0, 0, 1, 0, 0, 0, 0, 0, 1, 0, 1, 1, 0, 1, 0, 0, 0, 0, 0, 0, 0, 1, 0, 1, 1, 1, 0, 1, 0, 1, 1, 1, 0, 1, 1, 0, 1, 0, 0, 0, 1, 1, 0, 0, 1, 0, 1, 0, 0, 1, 0, 1, 0, 0, 0, 0, 0, 1, 0, 1, 0, 0, 0, 1, 1, 1, 1, 1, 1, 0, 0, 0, 0, 1, 0, 0, 1, 1, 0, 0, 1, 1, 1, 0, 1, 1, 1, 0, 0, 0, 0, 1, 0, 0, 1, 1, 1, 0, 0, 0, 0, 0, 0, 1, 0, 1, 1, 1, 0, 1, 1, 0, 0, 0, 1, 0, 0, 0, 0, 0, 1, 0, 1, 1, 0, 1, 0, 1, 1, 0, 0, 0, 1, 0, 1, 1, 1, 1, 0, 0, 1, 1, 0, 0, 1, 1, 0, 0, 0, 0, 0, 0, 1, 0, 1, 0, 1, 0, 1, 0, 0, 1, 0, 1, 0, 0, 0, 0, 1, 1, 1, 0, 1, 1, 1, 1, 0, 1, 1, 0, 0, 1, 0, 1, 0, 1, 0, 1, 1, 1, 0, 0, 0, 0, 1, 1, 0, 1, 0, 1, 1, 0, 1, 0, 1, 1, 0, 0, 0, 1, 0, 1, 1, 0, 0, 0, 1, 0, 0, 0, 0, 0, 1, 0, 1, 0, 0, 0, 1, 1, 1, 1, 1, 0, 1, 0, 0, 0, 1, 1, 0, 0, 1, 0, 1, 0, 0, 1, 0, 1, 0, 0, 0, 0, 1, 1, 0, 1, 0, 1, 1, 1, 0, 0, 0, 0, 0, 0, 0, 0, 1, 0, 1, 1, 0, 0, 0, 1, 0, 0, 0, 0, 0, 1, 0, 1, 1, 0, 1, 0, 1, 1, 0, 0, 1, 0, 1, 0, 0, 0, 1, 1, 1, 0, 1, 1, 1, 0, 0, 0, 0, 1, 0, 0, 1, 1, 1, 0, 0, 0, 0, 0, 0, 1, 0, 1, 1, 0, 0, 1, 0, 1, 1, 1, 0, 0, 0, 0, 1, 0, 1, 0, 0, 0, 0, 1, 1, 0, 1, 1, 0, 0, 0, 1, 0, 0, 0, 0, 0, 1, 0, 1, 1, 0, 1, 0, 1, 1, 0, 0, 0, 1, 1, 0, 1, 1, 1, 0, 1, 1, 0, 0, 1, 0, 1, 0, 1, 0, 1, 1, 1, 0, 0, 0, 0, 1, 1, 0, 1, 0, 1, 1, 0, 1, 0, 1, 1, 0, 0, 0, 1, 0, 1, 1, 0, 0, 0, 1, 0, 0, 0, 0, 0, 1, 0, 1, 0, 0, 0, 1, 1, 1, 1, 1, 1, 1, 1, 1, 1, 0, 1, 1, 0, 0, 1, 0, 1, 0, 1, 0, 1, 1, 1, 0, 0, 0, 0, 1, 1, 0, 1, 0, 1, 1, 0, 1, 0, 1, 1, 0, 0, 0, 1, 0, 1, 1, 0, 0, 0, 1, 0, 0, 0, 0, 0, 1, 0, 1, 0, 0, 0, 1, 1, 1, 1, 1, 1, 0, 1, 0, 1, 1, 0, 1, 0, 1, 0, 1, 1, 1, 0, 0, 0, 0, 1, 1, 0, 1, 0, 1, 1, 0, 1, 0, 1, 1, 0, 0, 0, 1, 0, 1, 1, 0, 0, 0, 1, 0, 0, 0, 0, 0, 1, 0, 1, 0, 0, 0, 1, 1, 1, 0, 1, 1, 1, 0, 0, 0, 0, 1, 0, 1, 0, 1, 1, 1, 0, 1, 1, 0, 1, 1, 0, 1, 0, 1, 1, 1, 0, 0, 0, 0, 0, 0, 0, 0, 1, 0, 1, 1, 0, 0, 0, 1, 0, 0, 0, 0, 0, 1, 0, 1, 1, 0, 1, 0, 1, 1, 0, 0, 1, 0, 1, 0, 0, 1, 1, 1, 0, 1, 0, 1, 0, 0, 1, 1, 1, 0, 0, 0, 0, 1, 0, 0, 1, 1, 1, 0, 0, 0, 0, 0, 0, 1, 0, 1, 1, 0, 0, 1, 1, 1, 0, 1, 1, 1, 0, 1, 0, 1, 1, 0, 0, 0, 1, 0, 0, 0, 0, 1, 1, 0, 1, 0, 1, 1, 1, 0, 0, 0, 0, 0, 0, 0, 0, 1, 0, 1, 1, 0, 0, 0, 1, 0, 0, 0, 0, 0, 1, 0, 1, 1, 0, 1, 0, 1, 1, 0, 0, 1, 0, 1, 0, 0, 0, 1, 1, 1, 0, 1, 1, 1, 0, 0, 0, 0, 1, 0, 1, 0, 1, 1, 0, 0, 0, 0, 1, 0, 1, 1, 0, 0, 0, 1, 0, 0, 0, 0, 0, 1, 0, 1, 1, 0, 1, 0, 0, 0, 0, 0, 0, 0, 1, 0, 1, 1, 1, 0, 1, 0, 1, 1, 1, 0, 1, 1, 0, 1, 0, 0, 0, 1, 1, 0, 0, 1, 0, 1, 0, 1, 1, 1, 0, 0, 0, 0, 0, 0, 1, 0, 1, 1, 0, 0, 1, 0, 1, 1, 1, 0, 0, 0, 0, 1, 0, 1, 0, 0, 0, 0, 1, 1, 0, 1, 1, 0, 0, 0, 1, 0, 0, 0, 0, 0, 1, 0, 1, 1, 0, 1, 0, 1, 1, 0, 0, 0, 1, 1, 1, 0, 1, 1, 0, 1, 1, 0, 1, 0, 1, 1, 1, 0, 0, 0, 0, 0, 0, 0, 0, 1, 0, 1, 1, 0, 0, 0, 1, 0, 0, 0, 0, 0, 1, 0, 1, 1, 0, 1, 0, 1, 1, 0, 0, 1, 0, 1, 0, 0, 0, 1, 1, 1, 0, 1, 1, 1, 0, 0, 0, 0, 1, 0, 1, 0, 1, 1, 0, 0, 0, 1, 0, 1, 1, 0, 1, 0, 0, 0, 0, 0, 0, 0, 1, 0, 1, 1, 1, 0, 1, 0, 1, 1, 1, 0, 1, 1, 0, 1, 0, 0, 0, 0, 0, 1, 0, 0, 0, 0, 0, 1, 0, 1, 0, 0, 0, 1, 1, 1, 0, 1, 1, 1, 0, 0, 0, 0, 1, 0, 0, 1, 1, 1, 0, 0, 0, 0, 0, 0, 1, 0, 1, 1, 1, 0, 1, 1, 0, 0, 0, 1, 0, 0, 0, 0, 1, 1, 1, 1, 0, 1, 1, 1, 0, 1, 1, 0, 1, 1, 1, 0, 1, 0, 0, 0, 0, 0, 0, 0, 1, 0, 1, 1, 0, 0, 0, 0, 1, 0, 1, 1, 0, 0, 0, 1, 0, 0, 0, 0, 0, 1, 0, 1, 1, 0, 1, 0, 0, 0, 0, 0, 0, 0, 1, 0, 1, 1, 1, 0, 1, 0, 1, 1, 1, 0, 1, 1, 0, 1, 1, 0, 1, 1, 0, 1, 0, 1, 0, 0, 0, 1, 1, 1, 1, 1, 0, 0, 0, 0, 1, 0, 1, 1, 1, 0, 1, 1, 0, 0, 0, 0, 0, 0, 1, 0, 1, 0, 1, 0, 1, 0, 0, 1, 0, 1, 0, 0, 0, 0, 1, 1, 1, 0, 1, 1, 1, 0, 1, 1, 0, 1, 1, 1, 0, 1, 0, 1, 1, 0, 0, 0, 1, 0, 1, 1, 1, 1, 0, 1, 1, 1, 1, 0, 0, 0, 0, 0, 0, 1, 0, 1, 1, 0, 1, 0, 0, 1, 0, 1, 0, 0, 0, 0, 1, 1, 1, 0, 1, 1, 1, 0, 1, 1, 0, 1, 1, 1, 0, 1, 0, 1, 1, 0, 0, 0, 1, 0, 1, 1, 0, 0, 0, 1, 0, 0, 0, 0, 1, 1, 1, 0, 0, 0, 1, 0, 1, 1, 0, 0, 0, 1, 0, 0, 0, 0, 0, 1, 0, 1, 1, 0, 1, 0, 0, 0, 0, 0, 0, 0, 1, 0, 1, 1, 1, 0, 1, 0, 1, 1, 1, 0, 1, 1, 0, 1, 0, 0, 0, 1, 1, 0, 1, 0, 0, 1, 0, 1, 1, 0, 0, 0, 1, 0, 0, 0, 0, 0, 1, 0, 1, 1, 0, 1, 0, 0, 0, 0, 0, 0, 0, 1, 0, 1, 1, 1, 0, 1, 0, 1, 1, 1, 0, 1, 1, 0, 1, 0, 0, 0, 1, 1, 0, 0, 1, 0, 1, 0, 0, 1, 0, 1, 0, 0, 0, 0, 0, 1, 0, 1, 0, 0, 0, 1, 1, 0, 1, 1, 0, 1, 0, 1, 1, 1, 0, 0, 0, 1, 0, 0, 0, 1, 0, 1, 1, 1, 0, 0, 0, 1, 1, 0, 0, 0, 1, 0, 0, 0, 0, 0, 1, 0, 1, 1, 0, 1, 0, 1, 1, 0, 0, 0, 1, 0, 1, 1, 0, 0, 1, 1, 0, 1, 1, 0, 1, 0, 0, 1, 0, 1, 0, 0, 0, 1, 1, 0, 0, 0, 1, 1, 1, 0, 1, 1, 1, 0, 0, 0, 0, 1, 1, 1, 0, 1, 1, 0, 1, 1, 0, 1, 0, 1, 1, 1, 0, 0, 0, 0, 0, 0, 0, 0, 1, 0, 1, 1, 0, 0, 1, 1, 0, 0, 0, 0, 0, 0, 1, 0, 1, 1, 1, 0, 1, 0, 1, 1, 1, 0, 1, 1, 0, 1, 1, 1, 0, 1, 1, 0, 0, 0, 1, 1, 0, 1, 0, 0, 1, 0, 1, 1, 0, 0, 0, 1, 0, 0, 0, 0, 0, 1, 0, 1, 1, 0, 1, 0, 0, 0, 0, 0, 0, 0, 1, 0, 1, 1, 1, 0, 1, 0, 1, 1, 1, 0, 1, 1, 0, 1, 0, 0, 0, 0, 1, 1, 1, 0, 0, 0, 1, 0, 0, 1, 1, 1, 0, 0, 0, 0, 0, 0, 1, 0, 1, 1, 0, 0, 1, 0, 1, 1, 1, 0, 0, 0, 0, 0, 0, 1, 0, 1, 1, 0, 0, 0, 1, 0, 0, 0, 0, 0, 1, 0, 1, 1, 0, 1, 1, 0, 1, 0, 0, 0, 0, 1, 0, 1, 1, 1, 0, 1, 1, 0, 1, 1, 0, 1, 0, 1, 1, 1, 0, 0, 0, 0, 0, 0, 0, 0, 0, 0, 1, 0, 1, 0, 0, 1, 1, 1, 0, 0, 0, 0, 0, 0, 1, 0, 1, 1, 0, 0, 1, 0, 1, 1, 1, 0, 0, 0, 0, 1, 1, 1, 0, 1, 1, 0, 1, 1, 0, 1, 1, 1, 1, 0, 1, 1, 1, 1, 0, 0, 0, 0, 0, 0, 1, 0, 1, 1, 0, 1, 0, 0, 1, 0, 1, 0, 0, 0, 0, 1, 1, 1, 0, 1, 1, 1, 0, 1, 1, 0, 1, 1, 1, 0, 1, 0, 1, 1, 0, 0, 0, 1, 0, 1, 1, 0, 0, 0, 1, 0, 0, 0, 0, 0, 1, 0, 1, 1, 0, 1, 0, 0, 0, 0, 0, 0, 0, 1, 0, 1, 1, 1, 0, 1, 0, 1, 1, 1, 0, 1, 1, 0, 1, 0, 0, 0, 1, 0, 1, 1, 1, 1, 0, 1, 0, 0, 0, 0, 0, 0, 0, 1, 0, 1, 1, 1, 0, 1, 0, 1, 1, 1, 0, 1, 1, 0, 0, 0, 1, 1, 0, 1, 0, 1, 0, 0, 0, 1, 1, 1, 1, 1, 0, 0, 0, 0, 1, 0, 1, 1, 0, 0, 0, 1, 0, 0, 0, 0, 0, 1, 0, 1, 1, 0, 1, 0, 0, 0, 0, 0, 0, 0, 1, 0, 1, 1, 1, 0, 1, 0, 1, 1, 1, 1, 0, 0, 0, 0, 1, 0, 0, 1, 1, 1, 0, 0, 0, 0, 0, 0, 1, 0, 1, 1, 0, 0, 1, 1, 1, 0, 1, 1, 1, 0, 1, 0, 0, 0, 0, 0, 0, 0, 1, 0, 1, 1, 1, 0, 1, 0, 1, 1, 1, 0, 1, 1, 0, 1, 1, 1, 0, 1, 0, 0, 0, 0, 1, 0, 1, 1, 0, 0, 0, 1, 1, 1, 0, 1, 0, 1, 0, 1, 1, 1, 0, 0, 0, 0, 1, 1, 0, 1, 0, 1, 1, 0, 1, 0, 1, 1, 0, 0, 0, 1, 0, 1, 1, 0, 0, 0, 1, 0, 0, 0, 0, 0, 1, 0, 1, 1, 0, 1, 0, 0, 0, 0, 0, 0, 0, 1, 0, 1, 1, 1, 0, 1, 0, 1, 1, 1, 0, 1, 1, 0, 1, 0, 0, 1, 0, 1, 1, 1, 0, 1, 1, 0, 1, 1, 1, 0, 1, 0, 0, 0, 0, 0, 0, 0, 1, 0, 1, 1, 1, 0, 0, 0, 0, 0, 0, 0, 0, 1, 0, 1, 1, 0, 0, 0, 1, 0, 0, 0, 0, 0, 1, 0, 1, 1, 0, 1, 0, 1, 1, 0, 0, 1, 0, 1, 0, 0, 0, 1, 1, 1, 0, 1, 1, 1, 0, 0, 0, 0, 1, 0, 1, 0, 0, 0, 1, 1, 0, 0, 0, 1, 1, 1, 0, 1, 1, 1, 0, 0, 0, 0, 1, 0, 0, 1, 1, 1, 0, 0, 0, 0, 0, 0, 1, 0, 1, 1, 1, 0, 1, 1, 0, 0, 0, 1, 0, 0, 0, 0, 0, 1, 0, 1, 1, 0, 1, 0, 1, 1, 0, 0, 0, 1, 0, 1, 1, 0, 0, 0, 1, 0, 0, 0, 0, 0, 1, 0, 1, 1, 0, 1, 0, 0, 0, 0, 0, 0, 0, 1, 0, 1, 1, 1, 0, 0, 0, 0, 0, 0, 1, 0, 1, 1, 1, 0, 1, 0, 1, 1, 1, 0, 1, 1, 0, 1, 1, 1, 0, 1, 0, 1, 1, 0, 0, 0, 1, 0, 1, 1, 0, 0, 0, 1, 0, 0, 0, 0, 0, 1, 1, 0, 1, 0, 1, 0, 1, 0, 0, 0, 0, 1, 1, 0, 1, 0, 1, 1, 1, 0, 0, 0, 0, 0, 0, 0, 0, 1, 0, 1, 1, 0, 0, 0, 1, 0, 0, 0, 0, 0, 1, 0, 1, 1, 0, 1, 0, 1, 1, 0, 0, 1, 0, 1, 0, 0, 0, 1, 1, 1, 0, 1, 1, 1, 0, 0, 0, 0, 1, 0, 0, 1, 1, 1, 0, 0, 0, 0, 0, 0, 1, 0, 1, 1, 1, 0, 1, 1, 0, 0, 0, 1, 0, 0, 0, 0, 0, 1, 0, 1, 1, 0, 1, 0, 1, 1, 0, 0, 0, 1, 0, 1, 1, 0, 0, 0, 0, 0, 1, 1, 0, 0, 0, 1, 1, 1, 0, 1, 1, 1, 0, 0, 0, 0, 1, 0, 0, 1, 1, 1, 0, 0, 0, 0, 0, 0, 1, 0, 1, 1, 1, 0, 1, 1, 0, 0, 0, 1, 0, 0, 0, 0, 0, 1, 0, 1, 1, 0, 1, 0, 1, 1, 0, 0, 0, 1, 0, 1, 1, 1, 1, 0, 0, 1, 1, 0, 0, 1, 0, 0, 0, 0, 1, 0, 1, 1, 0, 1, 0, 0, 0, 0, 1, 1, 1, 0, 0, 0, 0, 0, 0, 0, 0, 1, 0, 1, 1, 0, 0, 0, 1, 0, 0, 0, 0, 0, 1, 0, 1, 1, 0, 1, 0, 0, 0, 0, 0, 0, 0, 1, 0, 1, 1, 1, 0, 0, 1, 0, 0, 1, 0, 1, 1, 0, 1, 0, 0, 0, 0, 0, 0, 0, 1, 0, 1, 1, 1, 0, 1, 0, 1, 1, 1, 0, 1, 1, 0, 1, 0, 0, 0, 0, 0, 1, 0, 0, 0, 0, 0, 1, 0, 1, 0, 0, 0, 1, 1, 1, 1, 1, 0, 0, 0, 0, 1, 0, 1, 1, 0, 0, 1, 1, 0, 1, 1, 0, 1, 0, 0, 1, 1, 1, 0, 0, 0, 0, 1, 0, 1, 1, 1, 1, 0, 0, 0, 0, 0, 0, 1, 0, 1, 1, 0, 1, 0, 0, 1, 0, 1, 0, 0, 0, 0, 1, 1, 1, 0, 1, 1, 1, 0, 1, 1, 0, 1, 1, 1, 0, 1, 0, 1, 1, 0, 0, 0, 1, 0, 1, 1, 0, 0, 0, 1, 0, 0, 0, 0, 0, 1, 1, 0, 1, 0, 1, 0, 0, 0, 1, 1, 1, 1, 1, 1, 0, 0, 0, 0, 1, 0, 0, 1, 1, 0, 0, 1, 0, 1, 0, 0, 0, 1, 1, 1, 0, 1, 1, 1, 0, 0, 0, 0, 1, 0, 0, 1, 1, 1, 0, 0, 0, 0, 0, 0, 1, 0, 1, 1, 1, 0, 0, 0, 1, 1, 0, 0, 0, 1, 0, 0, 0, 0, 0, 1, 0, 1, 1, 0, 1, 0, 1, 1, 0, 0, 0, 1, 0, 1, 1, 0, 0, 1, 1, 0, 1, 1, 0, 1, 0, 0, 1, 0, 1, 0, 0, 0, 1, 1, 0, 0, 0, 1, 1, 1, 0, 1, 1, 1, 0, 1, 0, 1, 1, 0, 1, 0, 0, 0, 1, 1, 0, 1, 0, 0, 1, 0, 1, 1, 0, 0, 0, 1, 0, 0, 0, 0, 0, 1, 0, 1, 1, 0, 1, 0, 0, 0, 0, 0, 0, 0, 1, 0, 1, 1, 1, 0, 1, 0, 1, 1, 1, 0, 1, 1, 0, 1, 0, 0, 0, 1, 1, 0, 0, 1, 0, 1, 0, 0, 1, 0, 0, 1, 1, 1, 0, 0, 0, 0, 0, 0, 1, 0, 1, 1, 0, 0, 1, 0, 1, 1, 1, 0, 1, 0, 1, 1, 0, 1, 1, 1, 0, 1, 0, 0, 0, 0, 0, 0, 0, 1, 0, 1, 1, 1, 0, 1, 0, 1, 1, 1, 0, 1, 1, 0, 1, 1, 0, 1, 0, 1, 0, 0, 0, 1, 1, 1, 1, 1, 0, 0, 0, 0, 1, 0, 1, 1, 0, 0, 0, 1, 0, 0, 1, 0, 1, 0, 1, 0, 0, 1, 1, 1, 0, 0, 0, 0, 1, 0, 0, 1, 1, 1, 0, 0, 0, 0, 0, 0, 1, 0, 1, 1, 1, 0, 1, 0, 1, 1, 1, 0, 1, 1, 0, 1
